Objetivos,  2 Replicas  15
[0.004, 0.032, 0.004, 0.048, 0.048, 0.028, 0.008, 0.024, 0.048, 0.028, 0.028, 0.032, 0.108, 0.008, 0.012]
Objetivos,  3 Replicas  15
[0.068, 0.056, 0.084, 0.156, 0.28, 0.096, 0.024, 0.016, 0.084, 0.088, 0.392, 0.048, 0.188, 0.04, 0.144]
Objetivos,  4 Replicas  15
[0.22, 0.372, 0.58, 0.288, 0.468, 0.908, 0.044, 0.256, 0.012, 0.248, 0.2, 0.22, 0.728, 0.016, 0.036]
Objetivos,  5 Replicas  15
[0.58, 0.02, 0.168, 0.196, 1.0, 0.484, 0.36, 0.472, 0.968, 0.856, 0.204, 1.0, 0.984, 0.332, 0.532]
Objetivos,  6 Replicas  15
[0.888, 0.836, 0.504, 0.952, 0.608, 0.38, 0.176, 0.588, 0.456, 1.0, 1.0, 1.0, 0.4, 0.76, 0.524]
Objetivos,  7 Replicas  15
[1.0, 0.96, 1.0, 1.0, 0.612, 0.988, 0.052, 0.704, 0.224, 0.404, 0.52, 0.768, 0.464, 1.0, 0.996]
Objetivos,  8 Replicas  15
[0.992, 0.996, 1.0, 1.0, 1.0, 1.0, 0.948, 1.0, 0.96, 1.0, 1.0, 0.8, 1.0, 1.0, 0.604]
Objetivos,  9 Replicas  15
[0.92, 0.992, 1.0, 1.0, 0.988, 1.0, 1.0, 1.0, 1.0, 1.0, 0.804, 0.944, 1.0, 0.976, 1.0]
Objetivos,  10 Replicas  15
[0.888, 1.0, 0.976, 0.744, 0.552, 0.996, 0.872, 1.0, 1.0, 0.94, 1.0, 0.956, 0.936, 1.0, 0.064]
Objetivos,  11 Replicas  15
[0.996, 1.0, 1.0, 1.0, 1.0, 1.0, 1.0, 1.0, 1.0, 0.988, 0.972, 1.0, 1.0, 0.952, 1.0]
Objetivos,  12 Replicas  15
[1.0, 1.0, 1.0, 1.0, 0.996, 0.864, 1.0, 1.0, 1.0, 1.0, 1.0, 0.992, 1.0, 1.0, 0.996]